# Auto-generated fake PONI (DEMO mode)
poni_version: 2.1
Detector: Detector
Detector_config: {"pixel1": 9.999999999999999e-05, "pixel2": 9.999999999999999e-05, "max_shape": [256, 256], "orientation": 3}
Distance: 0.020000
Poni1: 0.012800
Poni2: 0.028000
Rot1: 0
Rot2: 0
Rot3: 0
Wavelength: 1.5406e-10
# Detector alias: WAXS
